0,113,166,228,305,45 ,169,169,305,48 ,137,213,305,36 ,97 ,142,167,214,305,67 ,303,338
0,251,246,245,238,190,165,190,185,130,128,110,133,68 ,75 ,86 ,30 ,55 ,82 ,30 ,41 ,22 


cost[1][1] = 1;
cost[1][5] = 2;
cost[1][2] = 1;
cost[2][3] = 1;
cost[3][4] = 1;
cost[4][8] = 1;
cost[8][12] = 1;
cost[12][18] = 1;
cost[18][20] = 1;
cost[20][21] = 1;
cost[5][9] = 1;
cost[9][13] = 1;
cost[13][14] = 1;
cost[13][19] = 1;
cost[14][19] = 1;
cost[14][15] = 1;
cost[10][15] = 1;
cost[11][15] = 3;
cost[6][10] = 1;
cost[6][7] = 1;
cost[6][11] = 1;
cost[11][17] = 1;
cost[16][17] = 1;
cost[15][16] = 1;
